lon=14.095055
lat=49.833325
